,total,hp,attack,defense,sp._atk,sp._def,speed
0,318,45,49,49,65,65,45
1,405,60,62,63,80,80,60
2,525,80,82,83,100,100,80
3,625,80,100,123,122,120,80
4,309,39,52,43,60,50,65
5,405,58,64,58,80,65,80
6,534,78,84,78,109,85,100
7,634,78,130,111,130,85,100
8,634,78,104,78,159,115,100
9,314,44,48,65,50,64,43
10,405,59,63,80,65,80,58
11,530,79,83,100,85,105,78
12,630,79,103,120,135,115,78
13,195,45,30,35,20,20,45
14,205,50,20,55,25,25,30
15,395,60,45,50,90,80,70
16,195,40,35,30,20,20,50
17,205,45,25,50,25,25,35
18,395,65,90,40,45,80,75
19,495,65,150,40,15,80,145
20,251,40,45,40,35,35,56
21,349,63,60,55,50,50,71
22,479,83,80,75,70,70,101
23,579,83,80,80,135,80,121
24,253,30,56,35,25,35,72
25,413,55,81,60,50,70,97
26,262,40,60,30,31,31,70
27,442,65,90,65,61,61,100
28,288,35,60,44,40,54,55
29,438,60,85,69,65,79,80
30,320,35,55,40,50,50,90
31,485,60,90,55,90,80,110
32,300,50,75,85,20,30,40
33,450,75,100,110,45,55,65
34,275,55,47,52,40,40,41
35,365,70,62,67,55,55,56
36,505,90,92,87,75,85,76
37,273,46,57,40,40,40,50
38,365,61,72,57,55,55,65
39,505,81,102,77,85,75,85
40,323,70,45,48,60,65,35
41,483,95,70,73,95,90,60
42,299,38,41,40,50,65,65
43,505,73,76,75,81,100,100
44,270,115,45,20,45,25,20
45,435,140,70,45,85,50,45
46,245,40,45,35,30,40,55
47,455,75,80,70,65,75,90
48,320,45,50,55,75,65,30
49,395,60,65,70,85,75,40
50,490,75,80,85,110,90,50
51,285,35,70,55,45,55,25
52,405,60,95,80,60,80,30
53,305,60,55,50,40,55,45
54,450,70,65,60,90,75,90
55,265,10,55,25,35,45,95
56,405,35,80,50,50,70,120
57,290,40,45,35,40,40,90
58,440,65,70,60,65,65,115
59,320,50,52,48,65,50,55
60,500,80,82,78,95,80,85
61,305,40,80,35,35,45,70
62,455,65,105,60,60,70,95
63,350,55,70,45,70,50,60
64,555,90,110,80,100,80,95
65,300,40,50,40,40,40,90
66,385,65,65,65,50,50,90
67,510,90,95,95,70,90,70
68,310,25,20,15,105,55,90
69,400,40,35,30,120,70,105
70,500,55,50,45,135,95,120
71,590,55,50,65,175,95,150
72,305,70,80,50,35,35,35
73,405,80,100,70,50,60,45
74,505,90,130,80,65,85,55
75,300,50,75,35,70,30,40
76,390,65,90,50,85,45,55
77,490,80,105,65,100,70,70
78,335,40,40,35,50,100,70
79,515,80,70,65,80,120,100
80,300,40,80,100,30,30,20
81,390,55,95,115,45,45,35
82,495,80,120,130,55,65,45
83,410,50,85,55,65,65,90
84,500,65,100,70,80,80,105
85,315,90,65,65,40,40,15
86,490,95,75,110,100,80,30
87,590,95,75,180,130,80,30
88,325,25,35,70,95,55,45
89,465,50,60,95,120,70,70
90,352,52,65,55,58,62,60
91,310,35,85,45,35,35,75
92,460,60,110,70,60,60,100
93,325,65,45,55,45,70,45
94,475,90,70,80,70,95,70
95,325,80,80,50,40,50,25
96,500,105,105,75,65,100,50
97,305,30,65,100,45,25,40
98,525,50,95,180,85,45,70
99,310,30,35,30,100,35,80
100,405,45,50,45,115,55,95
101,500,60,65,60,130,75,110
102,600,60,65,80,170,95,130
103,385,35,45,160,30,45,70
104,328,60,48,45,43,90,42
105,483,85,73,70,73,115,67
106,325,30,105,90,25,25,50
107,475,55,130,115,50,50,75
108,330,40,30,50,55,55,100
109,480,60,50,70,80,80,140
110,325,60,40,80,60,45,40
111,520,95,95,85,125,65,55
112,320,50,50,95,40,50,35
113,425,60,80,110,50,80,45
114,455,50,120,53,35,110,87
115,455,50,105,79,35,110,76
116,385,90,55,75,60,75,30
117,340,40,65,95,60,45,35
118,490,65,90,120,85,70,60
119,345,80,85,95,30,30,25
120,485,105,130,120,45,45,40
121,450,250,5,5,35,105,50
122,435,65,55,115,100,40,60
123,490,105,95,80,40,80,90
124,590,105,125,100,60,100,100
125,295,30,40,70,70,25,60
126,440,55,65,95,95,45,85
127,320,45,67,60,35,50,63
128,450,80,92,65,65,80,68
129,340,30,45,55,70,55,85
130,520,60,75,85,100,85,115
131,460,40,45,65,100,120,90
132,500,70,110,80,55,80,105
133,455,65,50,35,115,95,95
134,490,65,83,57,95,85,105
135,495,65,95,57,100,85,93
136,500,65,125,100,55,70,85
137,600,65,155,120,65,90,105
138,490,75,100,95,40,70,110
139,200,20,10,55,15,20,80
140,540,95,125,79,60,100,81
141,640,95,155,109,70,130,81
142,535,130,85,80,85,95,60
143,288,48,48,48,48,48,48
144,325,55,55,50,45,65,55
145,525,130,65,60,110,95,65
146,525,65,65,60,110,95,130
147,525,65,130,60,95,110,65
148,395,65,60,70,85,75,40
149,355,35,40,100,90,55,35
150,495,70,60,125,115,70,55
151,355,30,80,90,55,45,55
152,495,60,115,105,65,70,80
153,515,80,105,65,60,75,130
154,615,80,135,85,70,95,150
155,540,160,110,65,65,110,30
156,580,90,85,100,95,125,85
157,580,90,90,85,125,90,100
158,580,90,100,90,125,85,90
159,300,41,64,45,50,50,50
160,420,61,84,65,70,70,70
161,600,91,134,95,100,100,80
162,680,106,110,90,154,90,130
163,780,106,190,100,154,100,130
164,780,106,150,70,194,120,140
165,600,100,100,100,100,100,100
166,318,45,49,65,49,65,45
167,405,60,62,80,63,80,60
168,525,80,82,100,83,100,80
169,309,39,52,43,60,50,65
170,405,58,64,58,80,65,80
171,534,78,84,78,109,85,100
172,314,50,65,64,44,48,43
173,405,65,80,80,59,63,58
174,530,85,105,100,79,83,78
175,215,35,46,34,35,45,20
176,415,85,76,64,45,55,90
177,262,60,30,30,36,56,50
178,442,100,50,50,76,96,70
179,265,40,20,30,40,80,55
180,390,55,35,50,55,110,85
181,250,40,60,40,40,40,30
182,390,70,90,70,60,60,40
183,535,85,90,80,70,80,130
184,330,75,38,38,56,56,67
185,460,125,58,58,76,76,67
186,205,20,40,15,35,35,60
187,218,50,25,28,45,55,15
188,210,90,30,15,40,20,15
189,245,35,20,65,40,65,20
190,405,55,40,85,80,105,40
191,320,40,50,45,70,45,70
192,470,65,75,70,95,70,95
193,280,55,40,40,65,45,35
194,365,70,55,55,80,60,45
195,510,90,75,85,115,90,55
196,610,90,95,105,165,110,45
197,490,75,80,95,90,100,50
198,250,70,20,50,20,50,40
199,420,100,50,80,60,80,50
200,410,70,100,115,30,65,30
201,500,90,75,75,90,100,70
202,250,35,35,40,35,55,50
203,340,55,45,50,45,65,80
204,460,75,55,70,55,95,110
205,360,55,70,55,40,55,85
206,180,30,30,30,30,30,30
207,425,75,75,55,105,85,30
208,390,65,65,45,75,45,95
209,210,55,45,45,25,25,15
210,430,95,85,85,65,65,35
211,525,65,65,60,130,95,110
212,525,95,65,110,60,130,65
213,405,60,85,42,85,42,91
214,490,95,75,80,100,110,30
215,435,60,60,60,85,85,85
216,336,48,72,48,72,48,48
217,405,190,33,58,33,58,33
218,455,70,80,65,90,65,85
219,290,50,65,90,35,35,15
220,465,75,90,140,60,60,40
221,415,100,70,70,65,65,45
222,430,65,75,105,35,65,85
223,510,75,85,200,55,65,30
224,610,75,125,230,55,95,30
225,300,60,80,50,40,40,30
226,450,90,120,75,60,60,45
227,430,65,95,75,55,55,85
228,500,70,130,100,55,80,65
229,600,70,150,140,65,100,75
230,505,20,10,230,10,230,5
231,500,80,125,75,40,95,85
232,600,80,185,115,40,105,75
233,430,55,95,55,35,75,115
234,330,60,80,50,50,50,40
235,500,90,130,75,75,75,55
236,250,40,40,40,70,40,20
237,410,50,50,120,80,80,30
238,250,50,50,40,30,30,50
239,450,100,100,80,60,60,50
240,380,55,55,85,65,85,35
241,300,35,65,35,65,35,65
242,480,75,105,75,105,75,45
243,330,45,55,45,65,45,75
244,465,65,40,70,80,140,70
245,465,65,80,140,40,70,70
246,330,45,60,30,80,50,65
247,500,75,90,50,110,80,95
248,600,75,90,90,140,90,115
249,540,75,95,95,95,95,85
250,330,90,60,60,40,40,40
251,500,90,120,120,60,60,50
252,515,85,80,90,105,95,60
253,465,73,95,62,85,65,85
254,250,55,20,35,20,45,75
255,210,35,35,35,35,35,35
256,455,50,95,95,35,110,70
257,305,45,30,15,85,65,65
258,360,45,63,37,65,55,95
259,365,45,75,37,70,55,83
260,490,95,80,105,40,70,100
261,540,255,10,10,75,135,55
262,580,90,85,75,115,100,115
263,580,115,115,85,90,75,100
264,580,100,75,115,90,115,85
265,300,50,64,50,45,50,41
266,410,70,84,70,65,70,51
267,600,100,134,110,95,100,61
268,700,100,164,150,95,120,71
269,680,106,90,130,90,154,110
270,680,106,130,90,110,154,90
271,600,100,100,100,100,100,100
272,310,40,45,35,65,55,70
273,405,50,65,45,85,65,95
274,530,70,85,65,105,85,120
275,630,70,110,75,145,85,145
276,310,45,60,40,70,50,45
277,405,60,85,60,85,60,55
278,530,80,120,70,110,70,80
279,630,80,160,80,130,80,100
280,310,50,70,50,50,50,40
281,405,70,85,70,60,70,50
282,535,100,110,90,85,90,60
283,635,100,150,110,95,110,70
284,220,35,55,35,30,30,35
285,420,70,90,70,60,60,70
286,240,38,30,41,30,41,60
287,420,78,70,61,50,61,100
288,195,45,45,35,20,30,20
289,205,50,35,55,25,25,15
290,395,60,70,50,100,50,65
291,205,50,35,55,25,25,15
292,385,60,50,70,50,90,65
293,220,40,30,30,40,50,30
294,340,60,50,50,60,70,50
295,480,80,70,70,90,100,70
296,220,40,40,50,30,30,30
297,340,70,70,40,60,40,60
298,480,90,100,60,90,60,80
299,270,40,55,30,30,30,85
300,430,60,85,60,50,50,125
301,270,40,30,30,55,30,85
302,430,60,50,100,85,70,65
303,198,28,25,25,45,35,40
304,278,38,35,35,65,55,50
305,518,68,65,65,125,115,80
306,618,68,85,65,165,135,100
307,269,40,30,32,50,52,65
308,414,70,60,62,80,82,60
309,295,60,40,60,40,60,35
310,460,60,130,80,60,60,70
311,280,60,60,60,35,35,30
312,440,80,80,80,55,55,90
313,670,150,160,100,95,65,100
314,266,31,45,90,30,30,40
315,456,61,90,45,50,50,160
316,236,1,90,45,30,30,40
317,240,64,51,23,51,23,28
318,360,84,71,43,71,43,48
319,490,104,91,63,91,73,68
320,237,72,60,30,20,30,25
321,474,144,120,60,40,60,50
322,190,50,20,40,20,40,20
323,375,30,45,135,45,90,30
324,260,50,45,45,35,35,50
325,380,70,65,65,55,55,70
326,380,50,75,75,65,65,50
327,480,50,85,125,85,115,20
328,380,50,85,85,55,55,50
329,480,50,105,125,55,95,50
330,330,50,70,100,40,40,30
331,430,60,90,140,50,50,40
332,530,70,110,180,60,60,50
333,630,70,140,230,60,80,50
334,280,30,40,55,40,55,60
335,410,60,60,75,60,75,80
336,510,60,100,85,80,85,100
337,295,40,45,40,65,40,65
338,475,70,75,60,105,60,105
339,575,70,75,80,135,80,135
340,405,60,50,40,85,75,95
341,405,60,40,50,75,85,95
342,400,65,73,55,47,75,85
343,400,65,47,55,73,75,85
344,400,50,60,45,100,80,65
345,302,70,43,53,43,53,40
346,467,100,73,83,73,83,55
347,305,45,90,20,65,20,65
348,460,70,120,40,95,40,95
349,560,70,140,70,110,65,105
350,400,130,70,35,70,35,60
351,500,170,90,45,90,45,60
352,305,60,60,40,65,45,35
353,460,70,100,70,105,75,40
354,560,70,120,100,145,105,20
355,470,70,85,140,85,70,20
356,330,60,25,35,70,80,60
357,470,80,45,65,90,110,80
358,360,60,60,60,60,60,60
359,290,45,100,45,45,45,10
360,340,50,70,50,50,50,70
361,520,80,100,80,80,80,100
362,335,50,85,40,85,40,35
363,475,70,115,60,115,60,55
364,310,45,40,60,40,75,50
365,490,75,70,90,70,105,80
366,590,75,110,110,110,105,80
367,458,73,115,60,60,60,90
368,458,73,100,60,100,60,65
369,440,70,55,65,95,85,70
370,440,70,95,85,55,65,70
371,288,50,48,43,46,41,60
372,468,110,78,73,76,71,60
373,308,43,80,65,50,35,35
374,468,63,120,85,90,55,55
375,300,40,40,55,40,70,55
376,500,60,70,105,70,120,75
377,355,66,41,77,61,87,23
378,495,86,81,97,81,107,43
379,355,45,95,50,40,50,75
380,495,75,125,100,70,80,45
381,200,20,15,20,10,55,80
382,540,95,60,79,100,125,81
383,420,70,70,70,70,70,70
384,440,60,90,70,60,120,40
385,295,44,75,35,63,33,45
386,455,64,115,65,83,63,65
387,555,64,165,75,93,83,75
388,295,20,40,90,30,90,25
389,455,40,70,130,60,130,25
390,460,99,68,83,72,87,51
391,425,65,50,70,95,80,65
392,465,65,130,60,75,60,75
393,565,65,150,60,115,60,115
394,260,95,23,48,23,48,23
395,300,50,50,50,50,50,50
396,480,80,80,80,80,80,80
397,580,80,120,80,120,80,100
398,290,70,40,50,55,50,25
399,410,90,60,70,75,70,45
400,530,110,80,90,95,90,65
401,345,35,64,85,74,55,32
402,485,55,104,105,94,75,52
403,485,55,84,105,114,75,52
404,485,100,90,130,45,65,55
405,330,43,30,55,40,65,97
406,300,45,75,60,40,30,50
407,420,65,95,100,60,50,50
408,600,95,135,80,110,80,100
409,700,95,145,130,120,90,120
410,300,40,55,80,35,60,30
411,420,60,75,100,55,80,50
412,600,80,135,130,95,90,70
413,700,80,145,150,105,110,110
414,580,80,100,200,50,100,50
415,580,80,50,100,100,200,50
416,580,80,75,150,75,150,50
417,600,80,80,90,110,130,110
418,700,80,100,120,140,150,110
419,600,80,90,80,130,110,110
420,700,80,130,100,160,120,110
421,670,100,100,90,150,140,90
422,770,100,150,90,180,160,90
423,670,100,150,140,100,90,90
424,770,100,180,160,150,90,90
425,680,105,150,90,150,90,95
426,780,105,180,100,180,100,115
427,600,100,100,100,100,100,100
428,600,50,150,50,150,50,150
429,600,50,180,20,180,20,150
430,600,50,70,160,70,160,90
431,600,50,95,90,95,90,180
432,318,55,68,64,45,55,31
433,405,75,89,85,55,65,36
434,525,95,109,105,75,85,56
435,309,44,58,44,58,44,61
436,405,64,78,52,78,52,81
437,534,76,104,71,104,71,108
438,314,53,51,53,61,56,40
439,405,64,66,68,81,76,50
440,530,84,86,88,111,101,60
441,245,40,55,30,30,30,60
442,340,55,75,50,40,40,80
443,485,85,120,70,50,60,100
444,250,59,45,40,35,40,31
445,410,79,85,60,55,60,71
446,194,37,25,41,25,41,25
447,384,77,85,51,55,51,65
448,263,45,65,34,40,34,45
449,363,60,85,49,60,49,60
450,523,80,120,79,95,79,70
451,280,40,30,35,50,70,55
452,515,60,70,65,125,105,90
453,350,67,125,40,30,30,58
454,495,97,165,60,65,50,58
455,350,30,42,118,42,88,30
456,495,60,52,168,47,138,30
457,224,40,29,45,29,45,36
458,424,60,59,85,79,105,36
459,424,60,79,105,59,85,36
460,424,60,69,95,69,95,36
461,424,70,94,50,94,50,66
462,244,30,30,42,30,42,70
463,474,70,80,102,80,102,40
464,405,60,45,70,45,90,95
465,330,55,65,35,60,30,85
466,495,85,105,55,85,50,115
467,275,45,35,45,62,53,35
468,450,70,60,70,87,78,85
469,325,76,48,48,57,62,34
470,475,111,83,68,92,82,39
471,482,75,100,66,60,66,115
472,348,90,50,34,60,44,70
473,498,150,80,44,90,54,80
474,350,55,66,44,44,56,85
475,480,65,76,84,54,96,105
476,580,65,136,94,54,96,135
477,495,60,60,60,105,105,105
478,505,100,125,52,105,52,71
479,310,49,55,42,42,37,85
480,452,71,82,64,64,59,112
481,285,45,30,50,65,50,45
482,329,63,63,47,41,41,74
483,479,103,93,67,71,61,84
484,300,57,24,86,24,86,23
485,500,67,89,116,79,116,33
486,290,50,80,95,10,45,10
487,310,20,25,45,70,90,60
488,220,100,5,5,15,65,30
489,411,76,65,45,92,42,91
490,485,50,92,108,92,108,35
491,300,58,70,45,40,45,42
492,410,68,90,65,50,55,82
493,600,108,130,95,80,85,102
494,700,108,170,115,120,95,92
495,390,135,85,40,40,85,5
496,285,40,70,40,35,40,60
497,525,70,110,70,115,70,90
498,625,70,145,88,140,70,112
499,330,68,72,78,38,42,32
500,525,108,112,118,68,72,47
501,330,40,50,90,30,55,65
502,500,70,90,110,60,75,95
503,300,48,61,40,61,40,50
504,490,83,106,65,86,65,85
505,454,74,100,72,90,72,46
506,330,49,49,56,49,61,66
507,460,69,69,76,69,86,91
508,345,45,20,50,60,120,50
509,334,60,62,50,62,60,40
510,494,90,92,75,92,85,60
511,594,90,132,105,132,105,30
512,510,70,120,65,45,85,125
513,535,70,70,115,130,90,60
514,515,110,85,95,80,95,50
515,535,115,140,130,55,55,40
516,535,100,100,125,110,50,50
517,540,75,123,67,95,85,95
518,540,75,95,67,125,95,83
519,545,85,50,95,120,115,80
520,515,86,76,86,116,56,95
521,525,65,110,130,60,65,95
522,525,65,60,110,130,95,65
523,510,75,95,125,45,75,95
524,530,110,130,80,70,60,80
525,535,85,80,70,135,75,90
526,518,68,125,65,65,115,80
527,618,68,165,95,65,115,110
528,525,60,55,145,75,150,40
529,525,45,100,135,65,135,45
530,480,70,80,70,80,70,110
531,440,50,50,77,95,77,91
532,520,50,65,107,105,107,86
533,520,50,65,107,105,107,86
534,520,50,65,107,105,107,86
535,520,50,65,107,105,107,86
536,520,50,65,107,105,107,86
537,580,75,75,130,75,130,95
538,580,80,105,105,105,105,80
539,580,75,125,70,125,70,115
540,680,100,120,120,150,100,90
541,680,90,120,100,150,120,100
542,600,91,90,106,130,106,77
543,670,110,160,110,80,110,100
544,680,150,100,120,100,120,90
545,680,150,120,100,120,100,90
546,600,120,70,120,75,130,85
547,480,80,80,80,80,80,80
548,600,100,100,100,100,100,100
549,600,70,90,90,135,90,125
550,600,100,100,100,100,100,100
551,600,100,103,75,120,75,127
552,720,120,120,120,120,120,120
553,600,100,100,100,100,100,100
554,308,45,45,55,45,55,63
555,413,60,60,75,60,75,83
556,528,75,75,95,75,95,113
557,308,65,63,45,45,45,45
558,418,90,93,55,70,55,55
559,528,110,123,65,100,65,65
560,308,55,55,45,63,45,45
561,413,75,75,60,83,60,60
562,528,95,100,85,108,70,70
563,255,45,55,39,35,39,42
564,420,60,85,69,60,69,77
565,275,45,60,45,25,45,55
566,370,65,80,65,35,65,60
567,500,85,110,90,45,90,80
568,281,41,50,37,50,37,66
569,446,64,88,50,88,50,106
570,316,50,53,48,53,48,64
571,498,75,98,63,98,63,101
572,316,50,53,48,53,48,64
573,498,75,98,63,98,63,101
574,316,50,53,48,53,48,64
575,498,75,98,63,98,63,101
576,292,76,25,45,67,55,24
577,487,116,55,85,107,95,29
578,264,50,55,50,36,30,43
579,358,62,77,62,50,42,65
580,488,80,115,80,65,55,93
581,295,45,60,32,50,32,76
582,497,75,100,63,80,63,116
583,280,55,75,85,25,25,15
584,390,70,105,105,50,40,20
585,515,85,135,130,60,80,25
586,313,55,45,43,55,43,72
587,425,67,57,55,77,55,114
588,328,60,85,40,30,45,68
589,508,110,135,60,50,65,88
590,445,103,60,86,60,86,50
591,545,103,60,126,80,126,50
592,305,75,80,55,25,35,35
593,405,85,105,85,40,50,40
594,505,105,140,95,55,65,45
595,294,50,50,40,50,40,64
596,384,75,65,55,65,55,69
597,509,105,95,75,85,75,74
598,465,120,100,85,30,85,45
599,465,75,125,75,30,75,85
600,310,45,53,70,40,60,42
601,380,55,63,90,50,80,42
602,500,75,103,80,70,80,92
603,260,30,45,59,30,39,57
604,360,40,55,99,40,79,47
605,485,60,100,89,55,69,112
606,280,40,27,60,37,50,66
607,480,60,67,85,77,75,116
608,280,45,35,50,70,50,30
609,480,70,60,75,110,75,90
610,460,70,92,65,80,55,98
611,292,50,72,35,35,35,65
612,351,60,82,45,45,45,74
613,519,95,117,80,65,70,92
614,315,70,90,45,15,45,50
615,480,105,140,55,30,55,95
616,540,105,30,105,140,105,55
617,461,75,86,67,106,67,60
618,325,50,65,85,35,35,55
619,475,70,95,125,65,75,45
620,348,50,75,70,35,70,48
621,488,65,90,115,45,115,58
622,490,72,58,80,103,80,97
623,303,38,30,85,55,65,30
624,483,58,50,145,95,105,30
625,355,54,78,103,53,45,22
626,495,74,108,133,83,65,32
627,401,55,112,45,74,45,70
628,567,75,140,65,112,65,110
629,329,50,50,62,40,62,65
630,474,80,95,82,60,82,75
631,330,40,65,40,80,40,65
632,510,60,105,60,120,60,105
633,300,55,50,40,40,40,75
634,470,75,95,60,65,60,115
635,290,45,30,50,55,65,45
636,390,60,45,70,75,85,55
637,490,70,55,95,95,110,65
638,290,45,30,40,105,50,20
639,370,65,40,50,125,60,30
640,490,110,65,75,125,85,30
641,305,62,44,50,44,50,55
642,473,75,87,63,87,63,98
643,305,36,50,50,65,60,44
644,395,51,65,65,80,75,59
645,535,71,95,85,110,95,79
646,335,60,60,50,40,50,75
647,475,80,100,70,60,70,95
648,428,55,75,60,75,60,103
649,315,50,75,45,40,45,60
650,495,70,135,105,60,105,20
651,294,69,55,45,55,55,15
652,464,114,85,70,85,80,30
653,335,55,40,50,65,85,40
654,480,100,60,70,85,105,60
655,470,165,75,80,40,45,65
656,319,50,47,50,57,50,65
657,472,70,77,60,97,60,108
658,305,44,50,91,24,86,10
659,489,74,94,131,54,116,20
660,300,40,55,70,45,60,30
661,440,60,80,95,70,85,50
662,520,60,100,115,70,85,90
663,275,35,55,40,45,40,60
664,405,65,85,70,75,70,40
665,515,85,115,80,105,80,50
666,335,55,55,55,85,55,30
667,485,75,75,75,125,95,40
668,275,50,30,55,65,55,20
669,370,60,40,60,95,60,55
670,520,60,55,90,145,90,80
671,320,46,87,60,30,40,57
672,410,66,117,70,40,50,67
673,540,76,147,90,60,70,97
674,305,55,70,40,60,40,40
675,485,95,110,80,70,80,50
676,485,70,50,30,95,135,105
677,305,50,40,85,40,65,25
678,495,80,70,40,100,60,145
679,471,109,66,84,81,99,32
680,350,45,85,50,55,50,65
681,510,65,125,60,95,60,105
682,485,77,120,90,60,90,48
683,303,59,74,50,35,50,35
684,483,89,124,80,55,80,55
685,340,45,85,70,40,40,60
686,490,65,125,100,60,70,70
687,490,95,110,95,40,95,55
688,350,70,83,50,37,50,60
689,510,100,123,75,57,75,80
690,370,70,55,75,45,65,60
691,510,110,65,105,55,95,80
692,484,85,97,66,105,66,65
693,484,58,109,112,48,48,109
694,300,52,65,50,45,50,38
695,420,72,85,70,65,70,58
696,600,92,105,90,125,90,98
697,360,55,85,55,50,55,60
698,550,85,60,65,135,105,100
699,580,91,90,129,90,72,108
700,580,91,129,90,72,90,108
701,580,91,90,72,90,129,108
702,580,79,115,70,125,80,111
703,580,79,100,80,110,90,121
704,580,79,115,70,125,80,111
705,580,79,105,70,145,80,101
706,680,100,120,100,150,120,90
707,680,100,150,120,120,100,90
708,600,89,125,90,115,80,101
709,600,89,145,90,105,80,91
710,660,125,130,90,130,90,95
711,700,125,170,100,120,90,95
712,700,125,120,90,170,100,95
713,580,91,72,90,129,90,108
714,580,91,72,90,129,90,108
715,600,100,77,77,128,128,90
716,600,100,128,90,77,77,128
717,600,71,120,95,120,95,99
718,313,56,61,65,48,45,38
719,405,61,78,95,56,58,57
720,530,88,107,122,74,75,64
721,307,40,45,40,62,60,60
722,409,59,59,58,90,70,73
723,534,75,69,72,114,100,104
724,314,41,56,40,62,44,71
725,405,54,63,52,83,56,97
726,530,72,95,67,103,71,122
727,237,38,36,38,32,36,57
728,423,85,56,77,50,77,78
729,278,45,50,43,40,38,62
730,382,62,73,55,56,52,84
731,499,78,81,71,74,69,126
732,200,38,35,40,27,25,35
733,213,45,22,60,27,30,29
734,411,80,52,50,90,50,89
735,369,62,50,58,73,54,72
736,507,86,68,72,109,66,106
737,303,44,38,39,61,79,42
738,371,54,45,47,75,98,52
739,552,78,65,68,112,154,75
740,350,66,65,48,62,57,52
741,531,123,100,62,97,81,68
742,348,67,82,62,46,48,43
743,495,95,124,78,69,71,58
744,472,75,80,60,65,90,102
745,355,62,48,54,63,60,68
746,466,74,48,76,83,81,104
747,466,74,48,76,83,81,104
748,325,45,80,100,35,37,28
749,448,59,110,150,45,49,35
750,520,60,150,50,150,50,60
751,520,60,50,150,50,150,60
752,341,78,52,60,63,65,23
753,462,101,72,72,99,89,29
754,341,62,48,66,59,57,49
755,480,82,80,86,85,75,72
756,288,53,54,53,37,46,45
757,482,86,92,88,68,75,73
758,306,42,52,67,39,56,50
759,500,72,105,115,54,86,68
760,320,50,60,60,60,60,30
761,494,65,75,90,97,123,44
762,330,50,53,62,58,63,44
763,500,71,73,88,120,89,59
764,289,44,38,33,61,43,70
765,481,62,55,52,109,94,109
766,362,58,89,77,45,45,48
767,521,82,121,119,69,59,71
768,362,77,59,50,67,63,46
769,521,123,77,72,99,92,58
770,525,95,65,65,110,130,60
771,500,78,92,75,74,63,118
772,431,67,58,57,81,67,101
773,500,50,50,150,50,150,50
774,300,45,50,35,55,75,40
775,452,68,75,53,83,113,60
776,600,90,100,70,110,150,80
777,470,57,80,91,80,87,75
778,309,43,70,48,50,60,38
779,474,85,110,76,65,82,56
780,335,49,66,70,44,55,51
781,335,44,66,70,44,55,56
782,335,54,66,70,44,55,46
783,335,59,66,70,44,55,41
784,494,65,90,122,58,75,84
785,494,55,85,122,58,75,99
786,494,75,95,122,58,75,69
787,494,85,100,122,58,75,54
788,304,55,69,85,32,35,28
789,514,95,117,184,44,46,28
790,245,40,30,35,45,40,55
791,535,85,70,80,97,80,123
792,680,126,131,95,131,98,99
793,680,126,131,95,131,98,99
794,600,108,100,121,81,95,95
795,600,50,100,150,100,150,50
796,700,50,160,110,160,110,110
797,600,80,110,60,150,130,70
798,680,80,160,60,170,130,80
799,600,80,110,120,130,90,70
